ee mdimm numero dato correspondcnuum. 19

 

1111 76 ³7

²5 1110 ⁵7
1811 77 ⁶9
7 93 103146 1Ἇ1
117133 158 108 173181 118 98

193 34 198 17 136 65 195 16⁶
1841 85 m 142 144174 134 39
⁶²1¹¹³ 31 150 41117 137 2³
155183 177101 115
891159 144 179 108

12³¹ 89 161 149 36118 193 105

9148 104 74 42
m 171 81 185 1
1081129 53154 171 ²7 56
⁵⁸ ²⁴ 33 n 119 8⁰ m« 37 Ὴ 113107

165 60 18² 30 15 133 40197 77 84 46 9³

 

 

 

 

 

 

 

 

 

 

 

 

 

114150 57 75 101841οδ 22 5137152 47 79175 58

861173 481 38 17 59 128 168 25111 44173 80 88197

10 4Ἇ Β Ἡ 18 110 9158 8³ 82 127 29 48 90101

401105 301152 19 13 sna! 521105 91 50 95 99
Numeri. p—1=2·⁸·⁵-⁷ Indica

 

  

7 78 45180140 175 w ³1 31110

    
 

 

1 180 *19100 75100 03 841Ιῆ 79 35

² 117 1511 2⁰8 207

3
4
5
6
7
S
Β

134115 5 zob ²⁰⁰ 1917712112 155103

1³5 143 57 80 2⁰⁸ 92 148156173152

εει 1⁵⁸ nn 8² 1³0 125 5811131311 178
ua 77 74 15174 74161195159108
188 471311711161 1311111411 ⁶2 ns
ω ssmz 2⁸ ιε 711 mmmm
51115711071 321175 311131117711111111

        
     

1Ε4 78104209 138184175163147
1961911141152 62 153Ἇο4 fl] 11 85
43198 53141188110 6 S 91108
11111971 151 sol 841177 1111741 711 w

12³

  

 

 

[θ’]

