et indiam» numero dato correspondentiam.
p = 983

ρ-ι-Μςι

‘213

 

 

181
³12 171
641 512
9471 573
82⁰ 835

’ 311 161

661 ΊΙῚ
5ss 505
958 713
540 485

- 799349
995 394
199 14
955 793

560 685
596 ⁶2
558 726
514 ²25
5³³ 415

153 547

“ 872 856

* ²⁵4¹5'u
81⁸ 316
351 561

844 576
814 276

¹ 431 378

¹1²7 304
375 901
364 691
584 925
116 177
subm
19⁹ M

9³5 ⁵⁰³
960 753

 

,9391499
1791997

 

131301

4991999 · '

797
9951
915
’411

16Ἱ71 “ '-

999
1195
1949 ·
919

Ὶ317
1541
1979
140

149

952
⁶²0
:179

zls
555 '
696 ’ “
825
211
69⁵

8451
794 ’
391

91
149 ·

29
403
757
97 1
24⁰

1 ss
²⁰⁶

 

 

994· '¹

771779
4994399Ἰ
397 391
3411491

91919
749 579
999 919
551595
7791979
999 ιι4 ”
⁷ 755'569 ·

16181382
*11⁹ 221¹ ' '
ι ’153514951419

113 1471497
999 9 99

9951999199
1 1951 919
⁴ 53223323

1991917 393

1311337 ⁴²1
· 399 141197
“ 701 129 307
7¹1⁵ 3691741
245 484 908

’ 15 150 517
683 932 47³
1⁰2 37 370
909 143 454
497 55 550

1973 999 799
994 374 791
9951394 991
9131915194 957
’ 9591554

 

 

 

 

 

997 jaan 949
799 :sus 599
952
· · 441
391

’” 217 1541806

571136 13
” 768 118299

’ 611 ΓΠ 46 7

701101704
“ 2²³ 145 867

997
539
> · 1795199991
· 457 47479
· 999 7791499

880 amma

605292 66
aalma 11
9191699 306

¹ 949 uu 7⁵8
993 71495
523 111 528
593 795 357
ι794 997 199

’“ 316 ΙΊΞ 161
“ 6461389 884
709 761 907
386 630 493

929 ³42 2⁵8

99 99 99
779 994 974
991 149 994
1789941975
94 4515955911519

 

 

1137611388 ’”
5641119276 ”
teusanus ”

852 42363 ’“ 7

²7⁹ 163 425Ι

949 7539991119 479
sas 139199 999 951
779 9419991 99 599

994999 759
711993 599

311471 359
¹³³2 39 355

98 993 797
499) 93 799

“ 3171101 50

1261109 144
- 199 991 999
· 599799 999

m ⁹⁰⁵1⁴⁹⁰
793 93199

940 ³21 890
“ 959 5 88
722 563 369
’ 056 473356
647 95436

340 746 *141
“ 885 167 446
677 452 821
508 87³ ³⁵
909 ⁵95 870

391949 957
- 419 999 791
1198 55ss '10¹¹
947 959 945
1719 ao 139

782 93⁹ 958
008 380 4ῑῖ
735 105 548
” 650 419 788
736 468 977

106 ³2³ 849
549 798 643
679 7091497
935 4⁴1⁹ 740-1

 

 

 

 

997 9791174

 

 

