94 Tabulae numerorum ad irndz'cu datos perthmtn'um
p = 601

Numeri< ρ -1 = 2⁵·³·⁵' Indim-

 

48 521 388 “ 44οἷ107 2Ι8 528
414 512* ss latine 195 550
115 209 579 ” ammi ³³⁵ 559
465 225 251 91533 “ 593 452

253 ¹ ³53 :³7³ 471 56 525 558

240 201 137 208 306 191210
257 “ 155 205 15 317 288 808
575 414 491 505 275 194 114
527 524 103 282 557 129 195
113 12 (iz ¹290 4οΒ 455 221

⁵9⁹ 10³ 81 363 3 216193
133 179 424 ” 189 286 7 214 212
‚471 417 51 573 343 370380
231 216515 ” 62328 449180
555 · ¹ sn ³10 599 255 ⁴³⁶ ³59

591 2174121) 45 392 575 15
51 294 317 «⁰³ 170 Ι345 :³19 1119
1552 282555 > 217 55 521 451 25
551 479171 131147 · 153 477 m

'421 , ano aas 221 291 · 29 sn ω

551 484 297 402 287 372 290 220
3201 258 383 502 501 382 310 530
355 208] 7³ ' 424 545 » 488 71 395
(155 ” 592 254 181 423 ” 387125159
302 298ἑ538 57 478 519 483 412

351 10 283 255100 54 507 135
398 1383112 553143 330 2781130
578 439 355 342 558 411 97 ³77

27 555 68 237 210 21 ³7³ 75
308 288 285 110 457 47 190 8⁴2³

55³ 80 213 95 145 «suso 197
187 “ 89 550 265 234 182ἷ110562
485 392 22 272 81 “ 450-501 213
135 375 340 “ 550 248 472 247 542
338 238 228 229 417 105125 539

351 563 400 454 304 ³15 l 284 ³41
334 123 445 395 990 108 285 559 548 421 ’
26 535 157 110 158 141 144 232 79
74182 77 498 ³1³ 15⁶ 7 ¹32⁴) 12 899 549
4881518 589 539 54 855598 525 2⁷7 84 11³ 174

 

 

 

 

 

 

 

 

 

 

 

 

 

 

 

 

 

 

 

 

