valem- Grand. 'aneur Gnnd. Valeur Grand. Valeur Grand.
ὼρ ὼὴΗῃ

de p 21212222. dep (2312Ρὲ2. dep de la 1²31.

2223 262 2323 2322 2232 222 2232 Ι 2236
2332 2332 2332 923 2232 2236 2222 323 .
2323 2322 2222 2326 2222 2222 2222 2226
2329 2323 2262 2362 2223 2222 2239 2233 1
2333 2332 2262 933 2233 2232 2262 232 '

2339 222 2322 933 2262 32 2223 2222
2362 2366 2323 2322 2229 2223 2222 629
2322 2322 2222 933 2223 2222 2323 223
2329 2323 2229 323 2222 2236 2322 632
2333 2332 2339 223 2223 333 2332 26

1597 266 1901 380 2221 2220 2539 2532
1601 200 1907 953 2237 1110 2503 2522

 

2622 2636 2923 2922 2239 2229 2329 2322 Ν
2629 222 2932 336 2223 2222 2292 32
2623 223 2933 22 2232 2232 2329 2323

2629 2623 2929 2923 2262 2223 2229 2239
2622 2622 2932 392 2269 2263 2923 2922
2622 222 2923 936 2223 2222 2963 2232
2632 229 2929 2923 2222 223 2999 2299
2632 332 2932 332 2222 262 3223 3222

2663 2662 2993 2992 2293 2226 3229 2339
2662 333 2992 993 2222 2296 3262 3266
2669 336 2999 999 2329 2323 3292 29
2693 223 2223 2222 2322 262 3223 2622
2692 2696 2222 622 2333 333 3262 3266

2699 2222 2226 2339 2332 3322 22
2229 2222· 2223 2322 2322 3623 3622
2222 2229 2222 2322 2222 3229 ³178
2223 2239 2229 2332 2223 3223 2922
2233 2233 322 2332 2222 2293 22

2222 2263 2262 2322 2322 2629 2
2222 2269 2263 2322 262 3229 22
2233 2232 2222 2322 226 9292 2ο
2239 2233 2222 2323 2332 9922 22
2222 2222 293 2329 2323

2233 2239 2222 2393 232
2232 2299 2292 2399 2299

2229 2222 2233 2222 2222
2222 2223 2222 2222 2226
2322 2229 332 2223 2222

 

 

 

 

