ee helmum numero daco consepondenaem

15

p= 173

Numeri μ - ¹ = ι’ - 4³ Indice..

 

ΙοΙιΙπΙΒΙΛ mmet»

91150156 10 15116 3100101
1122 30135 2 9127133 20 90 59
97 1 18 81105

70112120 21 8

63 21108110111

71160 28120 ΑΒ
32 111 129 118 117
98 95168 61115
19 172 82 23 17
9 163128 57170 73 69 51113 38171

10 161 16 31 153 83 111167116138102
11 113 76169155 92 68133166 55161
12 119103 31 53152 165137 11136 93
1³ 1591111119 05 ³³ 62100 1311571171
11 22 99 13 115 17125130 66121 w

ιε som πε ει ‘25 ²⁶11⁷ ⁹4 7⁷ ετ
ιθ 13⁸1 7⁶ 7⁸ 51⁰9 ⁵⁸ ss sn ⁵2 61
ιτ 15154 1 Ι Ι Ι

172 13 7 26 163 20 31 39 11
1 1127 33112 11170 52 89 27 85
2 17 aeno 88 16151155 21 57152
³ 11122 65131102 22 10 12 98119
A 30 71 51 60153 5101114 59 62

5 167 96168123 31 118 70 72165 19
6 21169135 15 78133117 50115 95
7 35 23 53 91 55161111158162 71
9 13 ’ΖΒ 87101 61 80 73159166150
9 18 1111129157 76 72 25 75111

10 8139109121 9 29136 61 17161
11 131 19 83110 105 79 6156 32120
12 37 82 10 81116 115 58Ι 15 91 67
13 116137160116 63 12 128 12⁵ 108 16
11 18151 36 97 66 113107 69 881³‘1

1⁵ 2 51 121 103171 113 3138 81130
16 56119 11 90 100125 117 106 77112
17 ⁹³] ⁹9 es Ι

 

 

10100 105155 118106165 39 32
1 111 167 1³⁵ 127 17 170 89 171 129 37
2 12120126 7 70163 19 11110 26
³ 81 91 15 92 25 71173119116 86
4 111 8 00 81121166 19132 67136

5 77 61 6 30121196107175139137
6 117 98 66113 56 23 51152 saled
7 29111 M 2 20 21 3113157 36
8 151 78 61103135 97 75 31161 178
⁹ ιω w ’14124161 731 ιιιωΙιιτΙ ³⁸

178 7³ 52116106125 23 11101
1 27 20131 96158111 11177 26
2 71 75100 65 93 31 29Ι56169 70
86376979871297219998
1 117101118111173 32138196166 16

5 107 66102111 51 133 61 78113110
6 126 91119127 82 62152 18160 117
7 21 8115195 m 86172 50 81 91
D 12 30174150 13120 39122 68 16
9 1051571 3011281 ³1 1321 611 8⁶ 1191131

 

