α malcum numero dato oonapondam'um.

Numeri„ p —

1³

= 151

1=2·³·⁵' Indica.

 

114 10 83ῗ100 75 04140 54101
1 38104 78134 25132 00112 84 53
2 85 25 05100 44 33188 28 21120
0 50 82137 55 11 451110 7 43 70
4120 05 72 54115 87100115124 03

5 :fl 24 18 80 29135130142 ³1 51
5 S 5 80 50 45147148111121 53

7 2 77 20 15 40150 07141 58 51
8 75 57 5117 50 ¹1³ 47 73 17125
0 18 52 00 57 88 55125 55 42107

10118 13123130 22 m 00 14 8⁶· 140
11 105 41144108 81 23 55 70 07 05
12 54 48 05 27 581101271501 52122
13 15 12 0120 00143145 71 011105
14 4 0 40 30108140 741311351102
15 1

150 70141140 82 51 ³7 501132
1 2 34131101107 73180 88 52 00
2 72 28104115 51 14 21123 27 54
S 143 58 50 25 8110122 75 10 02
4 142111 08 38 24 54 ³⁵ 85121 74

5 84 70 01 80 40115 07 81124 00
5 ⁵³ 50128 10120 33 05 00 78105
7 30107 42 87145 5 80 71 12117
8 52114 31 0 18 20108 45 04 50
0134138105 40 5 22 41110144 15

10 4 0140 45 11110130 00113 20
11 05 57 17 85 l 47 44 80100125
12 133 58
1³ 10³ 147
14 100 77

120
15
57

102 48 05 80
127 1³ 55148
135112105 7

125
³2
55

40 20
28 55
55 145

 

p= 157

Numeri.

p—1-21-3-1s

Indica.

 

1 οΙιίΊΙαὶι ⁵ σῙῚΙεΙε)

130 10134100 84 58 55100 70

1 148 5 57 50 42 20105133118 74
2 81112 25 21 03 53145 50 37110
0 55 01 50125105 151108 07108 28

ἶ 4 124125141131154 54127 50 14 82

¹ 5 1411140144 77 27142110 7 31 70
5 153 72117 02 71135 82 04 05155
7 36137 45114140 41 47 neme 18

0 147 23 57
0 00107115

70 00102 48 78 0152
128 5124 80 83 75 45

104 12 08120 08101 55
5 40 50 10120 30 34
103 30 seua 05 17 8
15 44 150125 87
14 40 55 85 22 75 53122 2
Ι11115110 51 1

ι.

10 132135 54
11 08 32 52
12 15 25 0
1³ 13 80130 4 85

121 20

Ν υΙιΙπΙεΙι εἴη Ί-ΙεΙο
1⁵⁶ 147 νη las nus §7129 ⁸⁸

2 140 23140 81 05 22121 54 00 15
0124 58111118110 58 70 28107 05
4 140 75 14151134 00 72 75 55114

513041122545 73082 527
5 115155 40145102 {nm 12110 47
75054518310144085387 0
8 101 20 55 07 5100142107125 32
0 00 01 50 24 57127 77 37 105 04

ιο 41⁰⁸ ssuama Μ 1⁶· 91 3⁶ ⁸
11 1541150 21 55 73 02155 52 18 20
12 1051481145 41 40 30135 45 00117
13 132 43 17 3 55
14 50 42 125 52 25
1⁵ 1³5¹ ³⁵ so u sn

100
55
BD

74 80 10 51
78

 

 

