   

et indicum numero dato conmendandum. ¹¹

p=131

NmerL p—1=2·⁵·¹³ ludim.

 

 

ι ο 1111311 5111171819

 

ἓξ 8111114Ι 81901114 Ml 31301

 

 
    

Ν υ 1111314 5181719 s

98 3² 84111 44 7² 58 75 45
² 84 34 51 80115 98 17118 74 ’13
3117 87 2⁵ n 11 EG 28 13118 80
4 37 58117 11 4 40 41 5 fle 78

5 49 55100 78 71 18 17 41 16 46
G 80104 10 30108111 47 43 95 85
7 30 15111 91106 ⁹² 81 6 13 35
8110114 11 3 7⁰ 107105 88 87 51
8 {munla 68 fle 83 21 77 10 00

10 1 81 Β 8 53 81 31 50 14118
11 98 19 110 10114 7108 56 119 07
11 ³3 ⁶ss 57 54108 unam ⁸1 18

masiti! ΙΙΙ

 

p— ¹ ε 2⁸ -17 ludim.

1² 7 84149 40 80 8 71 41
1 83 10103 ³ ³6 11115 10110 70
1 18 'wne 5 80 35 8108 83 71
3 30 88 73 54100104 15 43105 17
4 50 51 78 90111 81 25 16 38 45

5 118 41 31 131 19 01133 89108 75
¹ ⁶ 781141851131113108 39 57188115
'11³ss 58 88 07 8813105 85 44117
Β 34134101118 11117 17 ⁶7 11⁹ ⁶8
1 8 111³ 77101128 19 74 88107 51

10 nasama-*112² 04811108885

11 58114118 48 4 48 18 81 59 13

1³ 2 11111131198 so 1

 

11 15 841110131 48 47 30118 ⁹⁵
30133 105Ι 103 80 15 14101 48 80
5 51 9 ³¹1 ⁷⁸ 49123111115 4

40 98 41 71 83113110 87 88118
14110117 18100 76 97 87 74 ⁸
1⁹²9 83198 5041818011
108 31108 71 57
9 43 55117 10105 77110 73 lacus

w sssznamaeaeffisswss
11 ¹⁰711⁵1n sa ει 15 8³ 'mm es
12 m u 1⁰4 ω 111 ⁵9 ²2 85 aa su
13¹ 791 751 911 aa} ει ez} se

8 1³5 51 451101

 

[2']

