20⁶ Tabulae numerorum ad ‘audica datos per-thumum
= 967
Numeri, ρ- ¹ == 7.]-7-73 Indicu-

 

11171311 5111171010

05 3051107 07510101707 101707 ss 751 151
86 60 77137318641911 *19 804 707 554 337
07 ι101 705 150100 701 077173 075 101 703
ss 57 5 5οε 5701 5ο 101005 500 010 011
00 105 7771137 503 501 m 01 175105 sm

οο 703 003 700 011177 701010 303 700 507
01 1701151 701373 573 75 370 070 750 300
07 577 031 7710351571 170110179051755 aas
05 7171775 070 5501101 77 055 75 770 011
01 7501001110117311507 1771511175017531575
05 15175101515011011 11711115711507113
05 0301101501 577715 705 1 1

 

Ν ο1ι1ἰ ³1⁴ slslvlsls

5⁵ 97170551105119 &sustuna 116
86 860 11 840 'M 86³ 86 283 489 833 778
87 6·ss 98171120 14 812 877 768 932 615
88 1³⁵ 374 ⁵72 643 901 40 81750 422 39
89 452 432 454 588 77 63 717 ⁵87 777 &3³

90 885Βο 691 45886 ’17410715767 ⁸2
91 97 848 266 ¹18 889 52 7881401 585 10
92 7114 680 527 286 13 252 66Ί1917 344
93 ’00 941 499 745 492 ²³ 83910271860 760
01 0010511313100015301501775151117501055
95 657183516391672 776 00185118017ὣ1747

96 Sd 7125980591824 ’714831

 

11111110τὶ-

 

1 1111171314 510

1101011 701700 501011
1 1110710303 15150 715003
² 40211361389 fi 60 6001174
a 33051501 13130 15775

4 1181296 47170816 92 30

5 3⁰ ⁵⁰³ 17⁵ 779 ¹22 2⁴20 258
6 531530 446 566 805 1821878
1 7 1181238 438 4961105 791790
8 15 4112263182117 728483

1 n 110510 375 057 157 051 531

111

1 ΙΙ] 79215Ἒ1549 6³5 5¹2⁴ 38⁵ 9³7
11 711117 5351505 {ss s] 001
12 6719021281186891Ὶ ’581097
13 7000710011 711710 7031117
14 161421 326317 557 715353

1⁵ 115266171813831917 -31 11Ἇὸ
Ι

1 1
1⁶ 77317809301611584 141140

17 700117717101510075 1711355
10 311,777,370,307,757 7731003

10 0711011 0510501737 701375

 

 

 

 

 

⁷ ει,

1150111510ιό
0700510511
071
713515 5175111735 151005 -
571173 sam 07 13 17

2141890 00 839 62⁵ ⁵⁸⁵ 204
fis 928 96 230 77813821967
1³³ 731 49 fill 0 386 789
262 75² 834 188 192 7181311

8401688 ⁶⁵1 7²7 172 3231484

70710001ωο 505 7117151051
731 700 3571 0 sc 100 105
07011711375013 017011707
0711 7711051507 uo 717101

550 01010701115 00 701 730

111

750 101 577 501 550 770 105
710101711771107 0051017717
17 77 5071130 0111 aa 57100017
10 137501155517511113 10 nem

* 7015301177110011110001010

 

 

 

 

 

