et luditum numero dato mnupondcmlum. 85

 

10 255 535 ³³1 11 581 081185 271 5311222
11 2 271 20 431 200 57 293 150 85 122 11 2 358187 133 189 151332 197 170, 57
12 81 237 531 91219 71183295278115 12 1301119371511 102113151701100
13 M 12 188 120 828 62 135 51857 510 8 173 88 113 136 81 88 2115 272
11 50 518 284 359 561 1781519 53 09 530 11 195 811 80 1112 196 “51 235 151155 119

15 121178 72 83151 01372331308195 15 20 281 w 85 115 1211 92 198 228 227
¹ 18 15 398 143 505 117 39 187 259 318 111 10 118505 508 5 33 219 ⁵8³ 28 288

17 157 505 132 198 7 128 525 297129 17 15 82 219 211 233 1391188 237 218 75
18 125152112 382 551 08 389 77 175201 18 117 319 580 128131 1251109 105 132 380

19 8 303 373185 315 1131315 292 305 75 19 25 291 203 355 215 59 529 ms 171 251

Ι 50 0518191811οὸ 15 181180 58 An 11 50 nu 220 28 2181130 172 52151 51 807
51 68110111531511 189 289183 15123 51 223 282 353 385 95153522153 115
52 82 5171351 19 96'490 881 318 188 52 1013110297 ³⁹⁵'23u 177 16 '18³ 58 558

59 30 1081 91 97 311 101505 27 529 270 53 119 513 19 820 122 101 02 309 105

Ι 51 1⁸⁹ 421 552 257 ³9⁹ 101 7 25 70 381 51 811511253112 35 ⁵7 ⁵5³ ⁶7 ⁵ss 128

31 3901172 918 13 9 130 515 102 329 5⁵ 1031184 §Ulmo ⁵5 101 270 1171225 280
επΙαῡΙαεεΙΔατ ιοι 11s[ 571 ⁴2! ι] ⁶0 74:³7⁸!262!305{m usffltw'noflml

 

p=571

Numa-L p—¹ aza-ms Indica.

11 210 205 107 Sd 9 305 175120 179
11 215 381172 101 72 203 us 363890

17 192 178 529 521 10 378 281 55 510
fin 178 395 539 300 12 582 119189301
81138521271331 5281 7 01 1³
56112 100 88 530 95 327 213 559 553
57 79 358 553 300 7 5181901551 150

2 181 817 ’117 01 72 111 235>109 190

ns 4⁸⁹ ⁵³³ ³³7 m ει ²11 παρτε :m

„m „mmm :31231331522221332'3213321232121153
Ιῗξῖεεεμω ι-ιο vlnuhazhwl ετ 1⁴ emesshsslmohon ισΞιπΙιευΙιεῦρπ

 

