Introductio.

aneur Grand. Vultur Grand. aneur Grand. valeur Gnnd.
114 p delnper. dep (1414211. dep 11413211. dep (1314Ρ14.

419 413 661 444 413 1449 1443
441 144 613 .444 934 1431 41
413 611 333 344 1431 446
434 633 341 914 1449 443
419 691 916 1439 1433

441 141 144 934 1411 633
34 149 493 1419 639
134 119 166 1433 641
464 141 434 1439 94
134 133 433 1491 1494

433 139 1413 1491 1496
439 143 1444 1341 1344
131 143 1343 1344
131 1434 1341 633
161 319 1319 639

769 526 1321 55
1050 1327 1326
787 212 1361 680
1062 1367 1366
1068 1373 686

1436 1331 1334
1494 1399 699
413 1449 34
1496 1443 133
1144 1491 113

 

 

 

1143 1449 1443
639 1433 1434
661 1439 119
664 1441 1446
316 1431 490

1134 1439 146
331 1439 164
1114 1411 133
1134 1431 144
393 1433 447

1192 1687 1686
200 1689 268
1212 1693 373
1216 1699 216
1222 1511 753

 

 

