174

Tabulae numerorum ad budica datm per-liranum

p=863

NumerL

   

1 ulnlzlsla 518171319
70 1228312811 101 147 507 2921101311 521
71 32320 611 08690 ⁵982³4⁵3¹315551
72 Ω 5 50 500 885 323 841 88 2³8

78 854 498 675 708188 134 477 455 2851824
1 281 51 510 785 83 830 538 1521657

112 257 844 873 8. 848 723 3261871
818 448 175 24 140 874 898 80 860
583 452 205 324 5⁵¹ 4691878 2981891
58 285 ‹ss 810 59 80 72213101571532

142 557 392 488 385 188 254

191184114277181 84 840
21 758 1178718288 171121

 

        
                    
    

 

 

28
88

    

 

814 ³7³ 27³

833 288 801
347 18 180
74 740 498 845 409 838 801 243 704
1³⁶ 497 655 509 775 41118831 28 281] 11
110 237 044 388 588 1021294 351 ⁵⁸ 580

2179 M 840 ³⁵9 1881517 855 788 03
341259 1

 

    

 

 

     
     

  

 

 

   

μ-ι -2-421

ludica.

Ν 011131311 sla 71319

70 185 201 127 {as 829 2144541 24 544 7³³
71 8 817 577 829 205 '³1 27³ 848134 813
72 2⁴! ³59 78⁶· 757 ²¹1⁶ 424 484 889 442 8041
7³ 74188 542 205 533 ’83 223 570 81071
74 21483 885182158 185 78 558 685 371

7⁶ 57 3¹1⁰ 585 409 ee! 5 818 838811 880
78 07 453 272 433 222 7716181617 812 580
77 181 228 447 248 582 3416181337 884 374
78 -114 ⁶2⁵ 58 858 72 u 581 175 487 889

79 041871217 815 282 57182 28123 421

80 281827 151 50 ³⁵³ 117 229178 287 725ἰ
81 491548311291787 175 448 88 num
82 1051282 483718 802 83217 529 473 115

³³ 748 278 685 770 275 M ⁵⁸³ 400148 ὃῧδ
84 08 550 80 574 7⁵3 7 355137 8281758

85 184 181 408 432 245 57 014 49 290 715
8⁵ 88 578 431.

 

 

 

Numeri.

 

42 101420 100 82 123 781353 784

22 47 *mmm 448 '315
415714551993155 781773 17 714170
124 §ntae-:³237 122 738 343 374 789 232
87 5881 831898 53 472 5:⁵⁰ ³³5 38 718
0 174 292 883 288 737 258 354 836 32

487 0201285 508 218 ⁴²8 430 772 852 704

27 241131240 480 84618221321327 578
8152812511 18 756 1801544 40 178 480

26 2151260 3801846 152 557113514081473
721345145318181195 2971188133812061758
ὅ 574 425 478 782 ⁴1⁹5 80⁴ 4421147 35

“ 735018081809 541 797 1481 77 8031770

ιο ῡεζᾱειῖοιηῇοιειοι τιῐωᾱειήιιιρττ
14 133189 ⁵78 5131498 745 5851431633332

 

     

 

   

        
   
   

   

³ ’188 ⁵³¹1 ⁵9¹²OE 214119270 m 48 ²8⁹
4 ’170420 1275197 871 87 11258 8418
⁶ 093 413 277 44 489 514865 247 84113Μ
0 57517231718200 246 81 390 2821401288
7 14161184 4571554 815 16 2351271470131ΙΓ
S wdssssfflssffluffiae 71814037401384 7771

1 ¹ 1 1151 «olm 5951

9 774 207 274 42 UH 52
10 411113 00017871481 50512511 587 ⁶5⁶ 5681

  

   

       
        
    

 
    
  

 

11 7011138176597 434 81 72818751547 11
782 522 81 01 30 ’121387 4581432 osi
13 7811 72 5831165168 87 588 0781474Ϊί1

14 180 387 ³7¹ 802 8-ss 1821741 118126,ωο

 

  

 
   

 

