156

Tabulae-umerorum ad indtcee datm per-thermum

p=821

Numeri. p-= =-2¹· ⁵· ιι Indica.

 

’ 40117201092 352 23047196121373 140 79 317¹1⁵s 714. 10 “
1

730 792 7131 384 550 034 593

188123817381812 731 742 31331οῑ1137 90 412 123 249 ' “
483 725 082 570 774 ³⁵1 226 70 293 725 294 810

433 2251005 ³³³ 48 400 119⁵ 24 240 74 ΗΒ 592 720 021

191 208 217 528 154 250 97149 069 75 170 437 295 7³
1099 7001492 815 7812215158 754151 76 83 705 811 5οΙ
132217571181 108 38 380 510 234 098 77 240 025102 125 '

ι 151150 079 222 ’781 333301 1οῚ100 78 meos! 14 355

ξξἼέιὲΙ ει 89 0007301337 001300
’ 7 0

1

Ἰ20οῚ1971328 817 7811421 105Ὶ229 648 80 183Ὶ1991078 511 370223

702 231000 112 299 527 3441501739 ’ 81 29 411724 591 ἲ 624 804

1 1

Ι Ι 1 821101 1

 

 

“ annana-13⁰5 81 49

* ' 2³1 004 ⁵⁵ ⁵60 02 36Ὶ300 ³08y 7 40 594 770 407 20 17 ³17

· 431195 304 571 772 313 001 20 10 2 0191394 800 086 311 612

17 115
mbos
19 54

1011007771104 777 5515501507 › *mino 5771570 12³ 109
7η ⁵⁵6 ⁶22 ⁴5⁹ πει-3515091179 1 705 307 2301317 em 3³⁴
017 ³59 298 511 172 71 700 0ιο ² wlffsu ⁵⁸³ A7½o⁵ ’με ms
407 778 073 438 705 181 nn 017 ’ . mus ²12 451 545 ·52 76

584 79 790 493 15 743 23 2³⁰ 79 201 00 209 401 143 747

4001795 5 1244510808 734 709 fi 7³
681 226 014 379 198 421420 95 6 1507531126 759 90 ³⁵³ 33² ι
1981334 48 480 085 2001912οΙ 8 457 04011591438 700 08 147
040 039 0291529 3⁵2 228 (134 579 9 21 009 025 819 510 714 783·

487 755143 007 09 0211449 375 11 06 719 773184 ²18 170 077
53⁵ 412 5 60 5⁰⁰ ⁶2:⁶20 439· “ 12 28 588 031 30 4 3⁶9 087
341118357279311041049 ” 13 131110210209553 192 401

'' 045 089 300 591 149 007 80 ’” ’ 14 18 120 472113 054 122 285 “

 

788 4730153811 90 219 544 15 95911225205200 71557
,793 523 292 451 95,058[819 f 10 ’1351480518 744 ³7 77 ³18,

³27 sol mapsa 21 scnium* 1 1 540 005077
1730509750 11³ 7071601000 ιε ιο0, 00507500500 77607
,ηε 7051077307 ubedam 1 ιο uz* 0700710401501 mss-u

 

 

 

 

 

 

 

 

 

 

 

 

