98 Tabulae numerum ad mdicu datm palmatium
= 613

Numeri. ρ-1 = 2¹·s'· 1⁷ Indica.

 

45 ⁵7 ³05 ⁵55 aas 501 94 5551 1511811 55 15 17 2τ51163 aulam, 118151513113 208 τοῦ
m 07 2ss 57⁰ 153101 2⁶³ w 5051430 274 aa ¹22 189 τεο 163555 292 25⁵ 1³⁶ 3⁸7 ’κω
47 186 4351431 doz 694 ’25 592 5541564 271 47 522 357 294 311272 5061580 771319 389
aa 9⁰ ηε mopso wo 55 aze 11 ³5¹2 2:⁵⁰ as 153 m η 317 m 1851359 19915117 19

49 4 128 418 503158 152 573 559 111 487 49 484 323 56 274 348 1101203 198 550 89

⁵0 259 319 400 540116 34 475 488 291 117 79 454192 493 71 130 297 460 543158

51 66273154 24155 56 566 335 299 373 51 3505891369 :ns 349 1111424 85133149

52 289 53 4701328 75 611175 1132114398 52 53¹ 3611427 174 226 ’1041 981 95 21:³⁵4

⁵3 476 520 89 896 412 311 144 317 3:36 ³³1 ⁵3 1213391 301291555 581573 590 218 47

54 171568 3991508 -718 368 129 450 ³01 4³7 54 ’031597 112 398 261 4441441204 1⁰² ⁵⁵2

55 49861154914114 55 ’34 537 20 27 251 55 2541986 78 29 477 565 4561209 248 497
60 03 1771471413343.55 596 89369161 56 1151525344 7³ 478 152 5161116541 59
67 48 580 170 536 601 229 585 3901139157 57 1621109 94 496 425 311 414 852 153 199
68 120102 28013781449 2691 26 219 2651511 58 711307,1411.796 920 ’7025212813 440 207

59 414 ³7⁵ 35312621415 4071151 5111 1481445 59 183 420476 251 601107 5601 62 151 ³³1

Ι V Ι

sn 1111113191073511 154 munaum so ³⁵ 571151 emm samam 1⁸4
61 1151361 11 Ι Ι 1 1 61 5115511305, Ι 1 1 ’

 

 

ρ-1 = anm: Indices.

 

610 92 491184 ·31583114'‘176³8⁶
l 7 5³⁴ 59 487 206 406 :ms 289 458 214
2 99 605 10 559151 448 579 241298 595
3 498 392 460 409 381 29 550 386 500 862
4 191 sm 81 508102 281 35 404 uam

⁵ 38164 55155333 449390 89 71542
6 90 415 484 480 552 402 501 148 473 434
7 121260 26 441478 13⁹8 82454180
8 18³ 11⁵ 86128173 ἔο4 600 470194 409

731601 127 267 496 129 ³35 979 320 284

10 141259 256 83 147 ’20 247 479 425 419
11 ’41261 482 448 181 4741419237 18 409

410 276 249 285 1³¹1 ³01 10 398 292
1 22 382 519 542100 178 452 220118 254
2 84 383 :312 201949 '⁶³ 72 521128 35
8 159 405 77 ¹0³ 27⁴ 46 350 356 348 15³
4 413 272 460 415 475 95 296 428 252 281

5 MS 431248492 578 52 342 161 608 12
8 01227 520 :1³5 ³76 “27 120 457 419 264
Ἰ 05 581334 5⁸³ 251 88 172 1821580 255
8 277 42 561 488 586 1⁴7 82 302 420 57
9 411307 2 2031552 981571) 474 602 20

10 1791584 44 147 421 67 200 55⁸ 2871440

11 136508351149 7 402 81509144425

12 661452 6071455 676 3611672 543 28 ΒΝ

1³ 1911391 ⁵⁹³ ³28 m 155 555 558 558539
ιι 113117115551405 115 101133 1119571) ua

17 561 70131811931154 061548
1³ 79 306 2091544 308 21³ ³³³ 1¹13 59² 2891

911 sa} 9⁵

u σάφα-1931514911 367 5³9 11111 astam

   

 

