12 Tabulae numerorum ad indata datm permantum

p=139

Numeri.

  
      
   

1 11111713 εΙᾱΙσ17ΙΒΙ7

921124 10 80128100 25 29 27
1121 12131 88120 59 7 88 94 70
2 40 82 5 43 84 ⁵⁰ 1³ 84 83190
8 6185480099 7344173523
4 31 72 81 32 25 78 42111 85 8

5137 94 somme 22 78 87 81 85
21125102 71138
7 47 15129 5³ ll 99118110112 18
8127 8 41 19 80132 51105 09 03
⁹ 771M ⁹⁶ 75 80 128 ⁶5 50 0183

10 4 901 79 40 05 95122104118108
11 87 48107114 ¹5³ 97 28
12 45100120 33117 51 52 68 M 1⁰³
la 2411231 5710111181 141 371 881 11

    
        
        

     

    
      
   

  

          
   

ρ-ι-ιψπ

tadicu-

usm «711011 77 ³0 13131 ss
1 3 74 1176131 71 37 37 77 83

2122 05 5⁵ 39180 44 ’1 9118 8
Β 67104317318381701365475
4103 82 45 23 30120 20 70111 32

b 25 88128 73128 90 97132127 151

8 33125 21114 24 48104110137 88]
7198841351179345905102
88458532827584571794
0101 42 1 88 ⁵11⁰⁵ 92115 1³ 541

10 0 1³³ 87129107 87 54112 109 1211
11 77 47 78 70113 51 108124134 531
12 14 10106131 2 80 05 80 5
18 291 12 851 991 91 511118150 581

 

 

p= 149

Numeri.

ρ-ι-πῒιπ

Indicu-

 

1 ul1lzlai4 ε 31718111

1011110100 17 21 61 14140 59
1 143 89145109 47 23 81 05 54 93
2 35 02 24 91 1611110 57123 88
88275 550538385105 770
4 104146119117179 98 esus 107 27

5121 18 31 12120 8 80 55103130
18 41112 77 25101116117127 78
35 52 731³1u8189 49 43132128
88135 9 90 ὃ 60 4 40102126
08 84 95 55113 87125 suanae

39 92 20111 07 74144 99 98 80
54 44142179 45 3 :w 2 20 51
53 a« 42122 28181118187 29141

su 1141 ae! 1313111031 37Ι 7711741 4⁸
³³ 37] 771 711114 117] 731 1⁵] 11

Ν 1111171314 εΙῦΙ7ΙεΙο

1481171115 85 82 84
1 125 58138 7147 24 «um
2 118 5142115 22 84102 49124128
a 116 52141 140 121 70 20135 20100
87 01122177111 lum 14 1Μ 70

33117 71131 ιε 57 113 77 77 n
⁸5 fl 2111201111 17 109104 90130
801431371721105 31 us 08 00118
551630351136167571111

88 23 1011 191131 92108145 45107

7 ⁸⁵ 381517 ιο 37 3 aenas 1³

73103 ω unu ⁴⁷ ss evm ⁴2
17 5111111173 77133 ⁹⁶ sn ss 7⁹ u
13 13411751 7εΙ ns! 73 1111591771 ω 711
u 8117911171 11111116 17141 431 71

 

 

